,747972,747974,747975,747976,747977,747978,747979,747980,747981,747982,747983,747984,747985,747986,747987,747988,747989,747990,747991,747992,747993,747994,747995,747996,747997,747999,748000,748001,748002,748003,748005,748006,748007,748008,748009,748010,748011,748012
747972,100,5,5,7,5,6,4,5,6,100,5,5,5,5,5,5,6,5,5,100,6,5,6,6,6,6,6,4,5,4,5,6,5,5,4,4,6,100
747974,5,100,100,5,100,5,5,100,5,5,4,100,100,4,5,4,5,100,4,5,5,4,5,5,5,5,5,3,100,5,100,5,100,100,5,4,5,5
747975,5,100,100,5,100,5,5,100,5,5,4,100,100,4,5,4,5,100,4,5,5,4,5,5,5,5,5,3,100,5,100,5,100,100,5,4,5,5
747976,6,5,5,100,5,6,6,5,6,6,6,5,5,6,5,5,6,5,6,6,6,4,6,6,6,6,6,3,5,6,5,6,5,5,7,5,5,6
747977,5,100,100,5,100,5,5,100,5,5,4,100,100,4,5,4,5,100,4,5,5,4,5,5,5,5,5,3,100,5,100,5,100,100,5,4,5,5
747978,6,5,5,6,5,100,7,5,100,6,6,5,5,6,6,5,100,5,6,6,100,4,100,100,100,100,100,3,5,6,5,100,5,5,7,5,5,6
747979,4,4,4,6,4,7,100,4,7,4,5,4,4,6,5,5,7,4,6,4,7,6,7,7,7,7,7,3,4,5,4,7,4,4,5,4,5,4
747980,5,100,100,5,100,5,5,100,5,5,4,100,100,4,5,4,5,100,4,5,5,4,5,5,5,5,5,3,100,5,100,5,100,100,5,4,5,5
747981,6,5,5,6,5,100,7,5,100,6,6,5,5,6,6,5,100,5,6,6,100,4,100,100,100,100,100,3,5,6,5,100,5,5,7,5,5,6
747982,100,5,5,7,5,6,4,5,6,100,5,5,5,5,5,5,6,5,5,100,6,5,6,6,6,6,6,4,5,4,5,6,5,5,4,4,6,100
747983,5,5,5,6,5,6,5,5,6,5,100,5,5,6,5,7,6,5,5,5,6,5,6,6,6,6,6,3,5,5,5,6,5,5,4,4,7,5
747984,5,100,100,5,100,5,5,100,5,5,4,100,100,4,5,4,5,100,4,5,5,4,5,5,5,5,5,3,100,5,100,5,100,100,5,4,5,5
747985,5,100,100,5,100,5,5,100,5,5,4,100,100,4,5,4,5,100,4,5,5,4,5,5,5,5,5,3,100,5,100,5,100,100,5,4,5,5
747986,5,4,4,6,4,6,6,4,6,5,6,4,4,100,5,7,6,4,5,5,6,5,6,6,6,6,6,3,4,5,4,6,4,4,5,4,7,5
747987,5,5,5,5,5,6,5,5,6,5,5,5,5,5,100,5,6,5,5,5,6,4,6,6,6,6,6,3,5,4,5,6,5,5,5,5,5,5
747988,5,4,4,5,4,5,6,4,5,5,7,4,4,7,5,100,5,4,6,5,5,6,5,5,5,5,5,3,4,5,4,5,4,4,7,4,5,5
747989,6,5,5,6,5,100,7,5,100,6,6,5,5,6,6,5,100,5,6,6,100,4,100,100,100,100,100,3,5,6,5,100,5,5,7,5,5,6
747990,5,100,100,5,100,5,5,100,5,5,4,100,100,4,5,4,5,100,4,5,5,4,5,5,5,5,5,3,100,5,100,5,100,100,5,4,5,5
747991,5,4,4,6,4,6,6,4,6,5,5,4,4,5,5,6,6,4,100,5,6,6,6,6,6,6,6,3,4,5,4,6,4,4,5,4,5,5
747992,100,5,5,7,5,6,4,5,6,100,5,5,5,5,5,5,6,5,5,100,6,5,6,6,6,6,6,4,5,4,5,6,5,5,4,4,6,100
747993,6,5,5,6,5,100,7,5,100,6,6,5,5,6,6,5,100,5,6,6,100,4,100,100,100,100,100,3,5,6,5,100,5,5,7,5,5,6
747994,5,4,4,4,4,4,7,4,4,5,6,4,4,5,4,6,4,4,6,5,4,100,4,4,4,4,4,3,4,5,4,4,4,4,5,4,6,5
747995,6,5,5,6,5,100,7,5,100,6,6,5,5,6,6,5,100,5,6,6,100,4,100,100,100,100,100,3,5,6,5,100,5,5,7,5,5,6
747996,6,5,5,6,5,100,7,5,100,6,6,5,5,6,6,5,100,5,6,6,100,4,100,100,100,100,100,3,5,6,5,100,5,5,7,5,5,6
747997,6,5,5,6,5,100,7,5,100,6,6,5,5,6,6,5,100,5,6,6,100,4,100,100,100,100,100,3,5,6,5,100,5,5,7,5,5,6
747999,6,5,5,6,5,100,7,5,100,6,6,5,5,6,6,5,100,5,6,6,100,4,100,100,100,100,100,3,5,6,5,100,5,5,7,5,5,6
748000,6,5,5,6,5,100,7,5,100,6,6,5,5,6,6,5,100,5,6,6,100,4,100,100,100,100,100,3,5,6,5,100,5,5,7,5,5,6
748001,4,3,3,3,3,3,3,3,3,4,3,3,3,3,3,3,3,3,3,4,3,3,3,3,3,3,3,100,3,4,3,3,3,3,3,4,3,4
748002,5,100,100,5,100,5,5,100,5,5,4,100,100,4,5,4,5,100,4,5,5,4,5,5,5,5,5,3,100,5,100,5,100,100,5,4,5,5
748003,4,5,5,6,5,6,5,5,6,4,5,5,5,5,4,5,6,5,5,4,6,5,6,6,6,6,6,4,5,100,5,6,5,5,4,6,5,4
748005,5,100,100,5,100,5,5,100,5,5,4,100,100,4,5,4,5,100,4,5,5,4,5,5,5,5,5,3,100,5,100,5,100,100,5,4,5,5
748006,6,5,5,6,5,100,7,5,100,6,6,5,5,6,6,5,100,5,6,6,100,4,100,100,100,100,100,3,5,6,5,100,5,5,7,5,5,6
748007,5,100,100,5,100,5,5,100,5,5,4,100,100,4,5,4,5,100,4,5,5,4,5,5,5,5,5,3,100,5,100,5,100,100,5,4,5,5
748008,5,100,100,5,100,5,5,100,5,5,4,100,100,4,5,4,5,100,4,5,5,4,5,5,5,5,5,3,100,5,100,5,100,100,5,4,5,5
748009,4,5,5,7,5,7,5,5,7,4,4,5,5,5,5,7,7,5,5,4,7,5,7,7,7,7,7,3,5,4,5,7,5,5,100,4,6,4
748010,4,4,4,6,4,5,4,4,5,4,4,4,4,4,5,4,5,4,4,4,5,4,5,5,5,5,5,4,4,6,4,5,4,4,4,100,4,4
748011,5,5,5,5,5,5,5,5,5,5,7,5,5,7,5,5,5,5,5,5,5,6,5,5,5,5,5,3,5,5,5,5,5,5,6,4,100,5
748012,100,5,5,7,5,6,4,5,6,100,5,5,5,5,5,5,6,5,5,100,6,5,6,6,6,6,6,4,5,4,5,6,5,5,4,4,6,100
